T min = 395.035
T max = 5160.33

Pmin = 6824.62
Pmax = 346 408

Hmin = 99 393.7
Hmax = 1.09198 x 10 ^7

M = 0.000677
M = 6.29996
